MEME version 4

ALPHABET= ACDEFGHIKLMNPQRSTVWY

Background letter frequencies
A 0.077 C 0.019 D 0.063 E 0.064 F 0.044 G 0.070 H 0.016 I 0.056 K 0.067 
L 0.080 M 0.020 N 0.044 P 0.028 Q 0.042 R 0.056 S 0.078 T 0.063 V 0.071 
W 0.012 Y 0.030 

MOTIF IGVDF
letter-probability matrix: alength= 20 w= 5 nsites= 1152 E= 6.9e-2134 
0.000868  0.000000  0.000000  0.000868  0.001736  0.000000  0.000000  0.809896  0.000000  0.027778  0.002604  0.000000  0.000000  0.000000  0.000000  0.001736  0.002604  0.151042  0.000000  0.000868 
0.002604  0.001736  0.001736  0.000868  0.000000  0.977431  0.000868  0.000000  0.001736  0.006076  0.000000  0.000000  0.000000  0.000000  0.001736  0.002604  0.000000  0.002604  0.000000  0.000000 
0.166667  0.000000  0.000000  0.000000  0.000000  0.000000  0.000000  0.205729  0.000000  0.012153  0.005208  0.000000  0.000000  0.000000  0.000000  0.001736  0.000000  0.608507  0.000000  0.000000 
0.103299  0.000000  0.654514  0.222222  0.000000  0.001736  0.000000  0.000000  0.000000  0.000868  0.000000  0.000868  0.000000  0.000868  0.000000  0.014757  0.000868  0.000000  0.000000  0.000000 
0.000000  0.000868  0.000868  0.000000  0.968750  0.000000  0.000000  0.001736  0.000000  0.003472  0.000000  0.000000  0.000868  0.000000  0.000000  0.000000  0.000000  0.000868  0.000000  0.022569 

MOTIF KLQIW
letter-probability matrix: alength= 20 w= 5 nsites= 1242 E= 7.3e-2599 
0.025827  0.000821  0.002466  0.001662  0.000036  0.000861  0.027388  0.001655  0.616801  0.005700  0.005652  0.026605  0.000022  0.016137  0.152219  0.020997  0.083786  0.011329  0.000010  0.000024 
0.086214  0.001626  0.000050  0.000052  0.091823  0.000861  0.000013  0.023395  0.000859  0.720676  0.035443  0.000035  0.001633  0.000839  0.000045  0.002478  0.001661  0.020991  0.000010  0.011296 
0.030658  0.001626  0.004881  0.099891  0.000036  0.007303  0.005649  0.000045  0.000859  0.004895  0.016119  0.008087  0.000828  0.762513  0.000850  0.033074  0.022595  0.000057  0.000010  0.000024 
0.000805  0.000805  0.000000  0.000000  0.006441  0.000000  0.000805  0.655395  0.000000  0.269726  0.008857  0.000805  0.000000  0.000000  0.000000  0.000000  0.001610  0.054750  0.000000  0.000000 
0.000000  0.000000  0.000805  0.000805  0.000000  0.001610  0.000805  0.000000  0.000000  0.000805  0.000000  0.000000  0.000000  0.000000  0.000000  0.000000  0.000000  0.000000  0.994364  0.000805 

MOTIF RFxxxT
letter-probability matrix: alength= 20 w= 6 nsites= 1126 E= 5.3e-1995 
0.002664  0.001776  0.000000  0.001776  0.000000  0.000000  0.000000  0.000888  0.007993  0.000000  0.000000  0.000000  0.000000  0.004440  0.939609  0.032860  0.006217  0.000888  0.000000  0.000888 
0.000000  0.000888  0.000000  0.000000  0.780639  0.000000  0.000000  0.000000  0.000888  0.000888  0.000000  0.000000  0.000000  0.000000  0.000000  0.000888  0.000000  0.002664  0.000000  0.213144 
0.015166  0.003570  0.001832  0.008050  0.000039  0.040027  0.099481  0.000938  0.075548  0.010728  0.000906  0.015136  0.000025  0.068421  0.640369  0.009838  0.007160  0.001839  0.000011  0.000915 
0.145717  0.018667  0.000056  0.000057  0.000928  0.006279  0.004454  0.000050  0.002724  0.001847  0.000018  0.035563  0.000025  0.000925  0.000050  0.509838  0.270926  0.000063  0.001787  0.000027 
0.000069  0.000017  0.000944  0.000057  0.000928  0.000062  0.000014  0.429890  0.000059  0.372184  0.092380  0.000039  0.000025  0.000037  0.000050  0.000069  0.000944  0.102195  0.000011  0.000027 
0.131508  0.000905  0.000056  0.000057  0.000039  0.066670  0.024881  0.065769  0.000947  0.001847  0.002682  0.001815  0.001801  0.000037  0.019588  0.046251  0.619061  0.016049  0.000011  0.000027 

MOTIF YYRGA
letter-probability matrix: alength= 20 w= 5 nsites= 1304 E= 7.0e-2673 
0.003834  0.000767  0.000000  0.000767  0.115798  0.000767  0.006902  0.001534  0.000767  0.001534  0.001534  0.002301  0.001534  0.000000  0.001534  0.000767  0.000767  0.000767  0.000000  0.858129 
0.002301  0.012270  0.000000  0.004601  0.083589  0.001534  0.003067  0.054448  0.001534  0.003067  0.002301  0.000000  0.000000  0.001534  0.000000  0.013804  0.000000  0.000767  0.000767  0.814417 
0.000767  0.000767  0.000000  0.000000  0.003834  0.000000  0.022239  0.000000  0.050613  0.000767  0.000767  0.000000  0.000000  0.000000  0.914110  0.000000  0.000767  0.000000  0.000000  0.005368 
0.010736  0.000767  0.122699  0.035276  0.003834  0.606595  0.000000  0.000000  0.032975  0.000767  0.001534  0.109663  0.000767  0.009202  0.017638  0.042178  0.000767  0.001534  0.000000  0.003067 
0.795245  0.006902  0.000000  0.000000  0.000000  0.006902  0.001534  0.000767  0.000000  0.000767  0.000767  0.001534  0.001534  0.000000  0.000767  0.131902  0.024540  0.026840  0.000000  0.000000 

MOTIF LVYDIT
letter-probability matrix: alength= 20 w= 6 nsites= 1255 E= 4.0e-3098 
0.001655  0.008780  0.000050  0.000051  0.028721  0.000056  0.000012  0.143471  0.000053  0.570581  0.019936  0.000035  0.000022  0.000033  0.000045  0.000062  0.001644  0.223164  0.000010  0.001618 
0.029482  0.037450  0.000000  0.000000  0.003187  0.000000  0.000000  0.023904  0.000000  0.058964  0.050996  0.000000  0.000000  0.000000  0.000000  0.000797  0.026295  0.768924  0.000000  0.000000 
0.000000  0.000797  0.000000  0.000000  0.184861  0.000000  0.000000  0.000797  0.000000  0.002390  0.000797  0.000000  0.000000  0.000000  0.000000  0.000797  0.000000  0.000000  0.000000  0.809562 
0.000797  0.000000  0.987251  0.000797  0.000000  0.000000  0.000797  0.000000  0.000000  0.000000  0.000000  0.001594  0.000000  0.000000  0.000000  0.008765  0.000000  0.000000  0.000000  0.000000 
0.005578  0.005578  0.000000  0.000000  0.000797  0.000000  0.000000  0.484462  0.000000  0.080478  0.012749  0.000000  0.000000  0.000797  0.000000  0.003984  0.015936  0.389641  0.000000  0.000000 
0.026295  0.007968  0.000000  0.000000  0.000000  0.003187  0.000000  0.000000  0.000797  0.000797  0.000797  0.034263  0.000000  0.008765  0.001594  0.113944  0.801594  0.000000  0.000000  0.000000 

